ret:
 1.7298518331539459 
mtx:
 [[1.90270923e+03 0.00000000e+00 9.60150712e+02]
 [0.00000000e+00 1.79053791e+03 5.43171990e+02]
 [0.00000000e+00 0.00000000e+00 1.00000000e+00]] 
dist:
 [[-0.02423615 -2.47098165 -0.06768091 -0.05706164  5.34803358]] 
rvecs:
 (array([[-0.23960587],
       [ 0.20128013],
       [ 0.22163406]]), array([[-0.10376383],
       [ 0.32863901],
       [ 0.10301162]]), array([[-0.08765169],
       [ 0.22531816],
       [ 0.16991677]]), array([[0.1245523 ],
       [0.1356475 ],
       [1.10938121]]), array([[-0.04517125],
       [ 0.35083907],
       [ 0.0958118 ]]), array([[-0.01720098],
       [ 0.35342413],
       [ 0.07557192]]), array([[0.50897522],
       [0.07773367],
       [0.07880019]]), array([[-0.17392062],
       [ 0.0888287 ],
       [ 0.20726904]]), array([[-0.05958916],
       [ 0.08541193],
       [ 0.08655737]]), array([[0.06853537],
       [0.32072109],
       [0.76042927]]), array([[-0.20312419],
       [ 0.07275719],
       [ 0.21956989]]), array([[-0.12841913],
       [ 0.30530088],
       [ 0.08871741]]), array([[-0.10289437],
       [ 0.36764005],
       [ 0.00985274]]), array([[0.44778386],
       [0.15157135],
       [2.30211949]]), array([[-0.04773414],
       [ 0.30807779],
       [ 0.17949033]]), array([[-0.13748495],
       [-0.20003466],
       [ 0.10433639]]), array([[-0.00780408],
       [ 0.29979449],
       [ 0.07493259]])) 
tvecs:
 (array([[ 33.60302211],
       [-34.86451228],
       [129.14029357]]), array([[-52.3828573 ],
       [-32.97127548],
       [169.41803943]]), array([[-21.00608671],
       [-15.17635502],
       [157.45727586]]), array([[  6.50391476],
       [-23.84464178],
       [160.2108595 ]]), array([[-52.93654245],
       [ 10.58667912],
       [164.06969486]]), array([[-52.16755827],
       [ 10.36885032],
       [161.23976338]]), array([[  6.59796703],
       [-33.89204075],
       [157.83267069]]), array([[ 41.01842237],
       [-31.13177099],
       [119.51525168]]), array([[  6.93578684],
       [-34.97174715],
       [163.33457191]]), array([[-20.45846588],
       [ -9.5463232 ],
       [158.21497356]]), array([[ 40.44187757],
       [-30.76882072],
       [117.83130222]]), array([[-43.88646438],
       [-43.63678188],
       [169.73425669]]), array([[-74.57162695],
       [-16.29202455],
       [172.75324246]]), array([[-15.90074219],
       [ -5.19637949],
       [151.87719051]]), array([[-21.12665339],
       [-15.38026178],
       [159.39122466]]), array([[ 12.98372585],
       [ 10.66336268],
       [152.78628149]]), array([[ 12.89464411],
       [ 10.70289301],
       [152.62670059]]))
